entry_date,entry_price,exit_date,exit_price,qty,pnl,pct_return,holding_days,exit_reason,cash_before,cash_after
10/11/2009,1.47485706,10/28/2009,1.483307975,3390.159044,28.64994591,0.572998918,17,trailing_atr,10000,10028.64995
11/13/2009,1.49424675,12/6/2009,1.486546355,3355.754311,-25.84063372,-0.515336239,23,trailing_atr,10028.64995,10002.80931
1/8/2010,1.44454191,1/17/2010,1.43636146,3462.277295,-28.32298629,-0.566300634,9,trailing_atr,10002.80931,9974.486326
3/9/2010,1.36416174,3/10/2010,1.367266025,3655.903121,11.34896522,0.227559893,1,ma_cross,9974.486326,9985.835291
3/11/2010,1.36930431,3/19/2010,1.362008655,3646.317045,-26.60227118,-0.53280012,8,trailing_atr,9985.835291,9959.23302
4/11/2010,1.36810371,4/21/2010,1.344277525,3639.79461,-86.72241975,-1.741548161,10,trailing_atr,9959.23302,9872.5106
6/20/2010,1.2472233,7/29/2010,1.309754795,3957.79593,247.4868964,5.013656737,39,take_profit,9872.5106,10119.9975
9/6/2010,1.29240588,9/8/2010,1.27564186,3915.177752,-65.63411814,-1.29711728,2,trailing_atr,10119.9975,10054.36338
11/4/2010,1.428884085,11/9/2010,1.396471415,3518.257178,-114.0361089,-2.268390441,5,trailing_atr,10054.36338,9940.32727
12/15/2010,1.338378855,12/20/2010,1.317590875,3713.570052,-77.19761998,-1.553220893,5,ma_cross,9940.32727,9863.12965
1/4/2011,1.34365149,1/6/2011,1.31632151,3670.270797,-100.3084275,-2.034008089,2,trailing_atr,9863.12965,9762.821222
1/20/2011,1.35285609,2/6/2011,1.35690121,3608.226069,14.59570743,0.299005935,17,trailing_atr,9762.821222,9777.41693
2/25/2011,1.384461885,3/27/2011,1.404647325,3531.125355,71.27731898,1.457998968,30,trailing_atr,9777.41693,9848.694249
6/2/2011,1.451915595,6/12/2011,1.43344292,3391.620795,-62.65230867,-1.272296755,10,trailing_atr,9848.694249,9786.04194
7/3/2011,1.45846887,7/10/2011,1.421938675,3354.902577,-122.5552453,-2.504694872,7,trailing_atr,9786.04194,9663.486695
7/27/2011,1.454256765,8/10/2011,1.43935996,3322.482978,-49.49438104,-1.024358652,14,ma_cross,9663.486695,9613.992313
8/18/2011,1.445812545,9/2/2011,1.428015635,3324.771371,-59.17065685,-1.2309279,15,trailing_atr,9613.992313,9554.821657
10/14/2011,1.390044675,11/1/2011,1.386356475,3436.875745,-12.67588512,-0.265329602,18,trailing_atr,9554.821657,9542.145771
1/24/2012,1.30657296,2/16/2012,1.314852245,3651.593162,30.23258049,0.633664193,23,trailing_atr,9542.145771,9572.378352
3/26/2012,1.33740837,4/4/2012,1.322608365,3578.704368,-52.96484255,-1.106618243,9,trailing_atr,9572.378352,9519.413509
4/26/2012,1.326913125,5/6/2012,1.302558395,3587.052283,-87.36168985,-1.835442693,10,trailing_atr,9519.413509,9432.05182
6/14/2012,1.26425181,6/24/2012,1.255142115,3730.29002,-33.98180435,-0.720560171,10,trailing_atr,9432.05182,9398.070015
8/2/2012,1.23949944,8/19/2012,1.23446246,3791.074732,-19.0955676,-0.406372108,17,ma_cross,9398.070015,9378.974448
8/22/2012,1.254977175,9/26/2012,1.29061437,3736.711167,133.1659045,2.839668777,35,trailing_atr,9378.974448,9512.140352
10/11/2012,1.295757555,10/26/2012,1.294942205,3670.49388,-2.992737185,-0.06292458,15,trailing_atr,9512.140352,9509.147615
11/25/2012,1.298338845,12/7/2012,1.29657139,3662.043869,-6.472497747,-0.136132028,12,trailing_atr,9509.147615,9502.675117
1/16/2013,1.33312623,2/8/2013,1.34220856,3564.056765,32.36993968,0.681280572,23,trailing_atr,9502.675117,9535.045057
4/10/2013,1.312826085,4/24/2013,1.30264835,3631.495887,-36.96040279,-0.775253868,14,trailing_atr,9535.045057,9498.084654
5/5/2013,1.3132563,5/12/2013,1.297161095,3616.234186,-58.20403055,-1.22559511,7,trailing_atr,9498.084654,9439.880624
5/31/2013,1.30549242,6/23/2013,1.310754295,3615.44827,19.02403687,0.403056726,23,trailing_atr,9439.880624,9458.90466
7/17/2013,1.31833884,8/14/2013,1.327326005,3587.433053,32.24085278,0.681703726,28,trailing_atr,9458.90466,9491.145513
9/17/2013,1.33758846,11/1/2013,1.357470925,3547.857131,70.54014524,1.486441129,45,trailing_atr,9491.145513,9561.685658
11/22/2013,1.356367845,12/22/2013,1.36707612,3524.739138,37.743876,0.789481632,30,trailing_atr,9561.685658,9599.429534
1/2/2014,1.37814873,1/8/2014,1.36281825,3482.726256,-53.39186522,-1.112396628,6,ma_cross,9599.429534,9546.037669
1/30/2014,1.36692312,2/2/2014,1.34844544,3491.797574,-64.5203182,-1.351771708,3,trailing_atr,9546.037669,9481.517351
2/16/2014,1.371655485,3/26/2014,1.381638835,3456.23134,34.50476715,0.727832179,38,ma_cross,9481.517351,9516.022118
4/13/2014,1.38675303,4/29/2014,1.387216045,3431.044286,1.58862497,0.033388425,16,ma_cross,9516.022118,9517.610743
5/2/2014,1.388824065,5/9/2014,1.383677815,3426.499793,-17.63362456,-0.370547295,7,trailing_atr,9517.610743,9499.977119
6/26/2014,1.364812065,7/13/2014,1.36007962,3480.324274,-16.47044321,-0.346747008,17,ma_cross,9499.977119,9483.506675
10/16/2014,1.285132245,10/29/2014,1.276411475,3689.700695,-32.17703113,-0.678589307,13,ma_cross,9483.506675,9451.329644
11/21/2014,1.25744841,11/23/2014,1.236911235,3758.138135,-77.18154055,-1.633241955,2,trailing_atr,9451.329644,9374.148104
12/18/2014,1.23585762,12/22/2014,1.226636375,3792.567992,-34.97219863,-0.746141372,4,ma_cross,9374.148104,9339.175905
2/12/2015,1.14285114,2/17/2015,1.144317555,4085.91092,5.991641061,0.128311986,5,ma_cross,9339.175905,9345.167546
2/20/2015,1.143541485,2/25/2015,1.13829057,4086.064069,-21.45557511,-0.459180106,5,ma_cross,9345.167546,9323.711971
3/26/2015,1.10577261,4/8/2015,1.088185635,4215.926442,-74.14539294,-1.5904694,13,ma_cross,9323.711971,9249.566578
4/27/2015,1.09320633,5/20/2015,1.11466239,4230.476134,90.76934977,1.962672499,23,trailing_atr,9249.566578,9340.335928
6/9/2015,1.13510727,6/28/2015,1.101059195,4114.296584,-140.0838787,-2.999546906,19,trailing_atr,9340.335928,9200.252049
8/2/2015,1.09884915,8/10/2015,1.10358793,4186.312584,19.83801435,0.431249367,8,ma_cross,9200.252049,9220.090063
8/14/2015,1.119429435,8/27/2015,1.13587178,4118.209587,67.71302282,1.468814781,13,trailing_atr,9220.090063,9287.803086
9/17/2015,1.144702065,9/20/2015,1.129185125,4056.864825,-62.95012809,-1.355543986,3,trailing_atr,9287.803086,9224.852958
10/11/2015,1.13748846,10/23/2015,1.11342301,4054.921559,-97.58351202,-2.11566542,12,trailing_atr,9224.852958,9127.269446
12/6/2015,1.089254355,12/25/2015,1.09679133,4189.686919,31.57756557,0.691938937,19,ma_cross,9127.269446,9158.847012
1/18/2016,1.092916185,1/24/2016,1.079230115,4190.09579,-57.34594429,-1.252252477,6,trailing_atr,9158.847012,9101.501067
2/4/2016,1.124451945,2/22/2016,1.11182381,4047.083163,-51.10711253,-1.123047993,18,trailing_atr,9101.501067,9050.393955
3/13/2016,1.118188815,4/14/2016,1.12891526,4046.898803,43.40883744,0.959269567,32,trailing_atr,9050.393955,9093.802792
5/2/2016,1.1541768,5/8/2016,1.13950996,3939.518968,-57.78029438,-1.270761984,6,trailing_atr,9093.802792,9036.022498
6/7/2016,1.13860902,6/12/2016,1.12473735,3968.00936,-55.0429164,-1.218299676,5,trailing_atr,9036.022498,8980.979582
6/23/2016,1.14335139,6/24/2016,1.13315314,3927.480064,-40.05342357,-0.891961132,1,ma_cross,8980.979582,8940.926158
8/2/2016,1.12392168,8/7/2016,1.108675385,3977.557474,-60.64301464,-1.356526462,5,trailing_atr,8940.926158,8880.283143
9/14/2016,1.1279637,9/23/2016,1.123487975,3936.422397,-17.61834413,-0.3967969,9,ma_cross,8880.283143,8862.664799
10/2/2016,1.12498221,10/10/2016,1.119469985,3939.024422,-21.7127889,-0.489983304,8,ma_cross,8862.664799,8840.95201
11/4/2016,1.11467706,11/10/2016,1.094822315,3965.701066,-78.73798341,-1.781210515,6,trailing_atr,8840.95201,8762.214027
12/7/2016,1.07737842,12/9/2016,1.062438515,4066.451427,-60.75239801,-1.386690574,2,trailing_atr,8762.214027,8701.461629
1/4/2017,1.050655065,2/8/2017,1.070854305,4140.969724,83.64444129,1.922537726,35,trailing_atr,8701.461629,8785.10607
3/12/2017,1.069784625,3/30/2017,1.076251605,4106.016232,26.55352485,0.604512333,18,trailing_atr,8785.10607,8811.659595
4/21/2017,1.074326895,6/2/2017,1.12793575,4101.014149,219.8506729,4.989994689,42,take_profit,8811.659595,9031.510268
6/29/2017,1.145122275,8/16/2017,1.177341035,3943.469822,127.0537078,2.81356504,48,ma_cross,9031.510268,9158.563976
8/27/2017,1.196547975,8/31/2017,1.191693855,3827.07763,-18.57709406,-0.405677006,4,trailing_atr,9158.563976,9139.986882
10/18/2017,1.181120265,10/27/2017,1.163787815,3869.202465,-67.06275827,-1.467458523,9,trailing_atr,9139.986882,9072.924123
11/16/2017,1.18067004,12/8/2017,1.17685128,3842.277612,-14.67273605,-0.32344007,22,trailing_atr,9072.924123,9058.251387
12/24/2017,1.185742575,1/25/2018,1.253103135,3819.65343,257.293994,5.680875548,32,take_profit,9058.251387,9315.545381
2/22/2018,1.2358176,2/28/2018,1.22350794,3768.980706,-46.39487104,-0.996074178,6,ma_cross,9315.545381,9269.15051
3/12/2018,1.235167275,3/20/2018,1.234832275,3752.184298,-1.25698174,-0.027121833,8,ma_cross,9269.15051,9267.893529
3/22/2018,1.23945942,3/25/2018,1.236111635,3738.683727,-12.5163093,-0.270100412,3,ma_cross,9267.893529,9255.377219
3/29/2018,1.23413676,4/6/2018,1.228455465,3749.737274,-21.30336362,-0.460345659,8,ma_cross,9255.377219,9234.073856
4/18/2018,1.240329855,4/22/2018,1.2281856,3722.426667,-45.20609866,-0.979114947,4,trailing_atr,9234.073856,9188.867757
6/11/2018,1.182641025,6/15/2018,1.162108655,3884.893033,-79.76606116,-1.73614559,4,trailing_atr,9188.867757,9109.101696
7/5/2018,1.172596005,7/22/2018,1.173942735,3884.160298,5.230915198,0.114850297,17,ma_cross,9109.101696,9114.332611
7/31/2018,1.17516729,8/2/2018,1.166166625,3877.887297,-34.90356447,-0.765904997,2,ma_cross,9114.332611,9079.429047
8/27/2018,1.169934675,9/9/2018,1.15550196,3880.314534,-56.00347378,-1.233634263,13,trailing_atr,9079.429047,9023.425573
9/19/2018,1.172075745,9/30/2018,1.161149135,3849.335511,-42.06018788,-0.932244358,11,trailing_atr,9023.425573,8981.365385
10/22/2018,1.155587505,10/23/2018,1.14876533,3886.060271,-26.51138323,-0.590364206,1,ma_cross,8981.365385,8954.854002
11/25/2018,1.134637035,12/3/2018,1.13739102,3946.131549,10.86758709,0.24271947,8,ma_cross,8954.854002,8965.721589
12/13/2018,1.13988966,12/23/2018,1.13681131,3932.714676,-12.10627222,-0.27005684,10,ma_cross,8965.721589,8953.615317
12/24/2018,1.14441192,1/16/2019,1.14190876,3911.884855,-9.792073695,-0.218728935,23,trailing_atr,8953.615317,8943.823243
2/3/2019,1.146382905,2/8/2019,1.13451246,3900.888265,-46.3052796,-1.035469471,5,trailing_atr,8943.823243,8897.517963
2/27/2019,1.14093018,3/6/2019,1.131883775,3899.238586,-35.27409144,-0.792897336,7,trailing_atr,8897.517963,8862.243872
3/21/2019,1.144301865,3/24/2019,1.129544945,3872.33655,-57.14376068,-1.289600275,3,trailing_atr,8862.243872,8805.100111
4/15/2019,1.132656045,4/24/2019,1.121848795,3886.925846,-42.00697935,-0.95415109,9,trailing_atr,8805.100111,8763.093132
5/10/2019,1.12592268,5/21/2019,1.1182406,3891.516393,-29.89494025,-0.682291967,11,ma_cross,8763.093132,8733.198192
6/4/2019,1.12830387,6/16/2019,1.12115914,3870.055941,-27.65050479,-0.633227466,12,trailing_atr,8733.198192,8705.547687
8/11/2019,1.1213604,8/16/2019,1.110574435,3881.69035,-41.86777625,-0.961864268,5,trailing_atr,8705.547687,8663.679911
9/16/2019,1.108984215,9/25/2019,1.10112916,3906.133105,-30.68289038,-0.708310803,9,ma_cross,8663.679911,8632.99702
10/13/2019,1.104401925,11/7/2019,1.10858543,3908.448919,16.3510156,0.378802762,25,ma_cross,8632.99702,8649.348036
11/27/2019,1.10277111,11/29/2019,1.10226859,3921.642468,-1.970703773,-0.04556884,2,ma_cross,8649.348036,8647.377332
12/6/2019,1.111525485,12/22/2019,1.107575935,3889.869125,-15.3632326,-0.355326986,16,trailing_atr,8647.377332,8632.014099
1/1/2020,1.12274109,1/9/2020,1.11148398,3844.169496,-43.27423887,-1.002645231,8,trailing_atr,8632.014099,8588.739861
3/1/2020,1.107943695,3/13/2020,1.121568935,3875.982101,52.81118636,1.229777295,12,trailing_atr,8588.739861,8641.551047
4/5/2020,1.08268107,4/9/2020,1.09461242,3990.811,47.61576282,1.102018898,4,ma_cross,8641.551047,8689.16681
5/5/2020,1.09312629,5/14/2020,1.081848805,3974.456972,-44.82187889,-1.031672653,9,ma_cross,8689.16681,8644.344931
5/22/2020,1.095897675,6/21/2020,1.11818063,3943.956232,87.88299925,2.033306166,30,trailing_atr,8644.344931,8732.22793
7/8/2020,1.13574759,8/18/2020,1.19596172,3844.264345,231.479033,5.301717611,41,take_profit,8732.22793,8963.706963
10/9/2020,1.18369155,10/29/2020,1.175282065,3786.335622,-31.84113262,-0.710445639,20,trailing_atr,8963.706963,8931.86583
11/12/2020,1.182901155,1/10/2021,1.22222858,3775.406674,148.4770228,3.324658602,59,trailing_atr,8931.86583,9080.342853
2/17/2021,1.21042491,2/28/2021,1.208585405,3750.890608,-6.899782028,-0.151971839,11,trailing_atr,9080.342853,9073.443071
4/12/2021,1.19249595,5/5/2021,1.202048675,3804.391567,36.34230643,0.801069807,23,trailing_atr,9073.443071,9109.785378
8/2/2021,1.19027484,8/8/2021,1.17551195,3826.757095,-56.49399405,-1.240292536,6,trailing_atr,9109.785378,9053.291384
8/31/2021,1.18509225,9/17/2021,1.17829056,3819.656817,-25.98012158,-0.573937599,17,trailing_atr,9053.291384,9027.311262
10/21/2021,1.16732337,10/31/2021,1.15584179,3866.671179,-44.39549447,-0.983581782,10,trailing_atr,9027.311262,8982.915768
12/7/2021,1.13040492,12/19/2021,1.123827805,3973.317706,-26.13296749,-0.581837082,12,trailing_atr,8982.915768,8956.7828
12/27/2021,1.13400672,12/28/2021,1.132743345,3949.175363,-4.989289424,-0.11140807,1,ma_cross,8956.7828,8951.793511
12/30/2021,1.136537985,1/19/2022,1.135142145,3938.184922,-5.497076041,-0.122815077,20,trailing_atr,8951.793511,8946.296435
2/9/2022,1.145342385,2/20/2022,1.131963735,3905.511815,-52.25047565,-1.168091758,11,trailing_atr,8946.296435,8894.045959
3/24/2022,1.10191068,4/5/2022,1.09831057,4035.738159,-14.5291013,-0.326715229,12,trailing_atr,8894.045959,8879.516858
5/25/2022,1.074186825,6/10/2022,1.06368789,4133.134317,-43.39350854,-0.977384451,16,trailing_atr,8879.516858,8836.123349
7/1/2022,1.048353915,7/4/2022,1.045746865,4214.284519,-10.98685046,-0.248680332,3,ma_cross,8836.123349,8825.136499
7/26/2022,1.0255125,8/9/2022,1.02420764,4302.793237,-5.614542783,-0.127239795,14,ma_cross,8825.136499,8819.521956
8/10/2022,1.037368425,8/16/2022,1.01897026,4250.911124,-78.20896427,-1.773542028,6,trailing_atr,8819.521956,8741.312992
9/12/2022,1.020279885,9/14/2022,1.00183883,4283.781892,-78.99745747,-1.807450609,2,trailing_atr,8741.312992,8662.315534
10/11/2022,0.977938725,10/17/2022,0.9847074,4428.864157,29.9775421,0.692136923,6,ma_cross,8662.315534,8692.293076
10/24/2022,0.989844675,11/3/2022,0.98344803,4390.735888,-28.08597876,-0.646227147,10,trailing_atr,8692.293076,8664.207097
3/12/2023,1.07083515,5/12/2023,1.09299323,4045.537307,89.64133929,2.069233532,61,trailing_atr,8664.207097,8753.848437
6/14/2023,1.0869432,7/5/2023,1.09023461,4026.819634,13.25391441,0.302813431,21,ma_cross,8753.848437,8767.102351
7/12/2023,1.114607025,7/23/2023,1.112653395,3932.822131,-7.6832793,-0.175275228,11,trailing_atr,8767.102351,8759.419072
10/17/2023,1.06000974,10/26/2023,1.056381545,4131.763484,-14.99084361,-0.342279402,9,trailing_atr,8759.419072,8744.428228
12/20/2023,1.098478965,1/3/2024,1.09599173,3980.243822,-9.899801743,-0.226425364,14,trailing_atr,8744.428228,8734.528427
2/25/2024,1.08376161,3/22/2024,1.086246605,4029.727731,10.01385326,0.229293507,26,trailing_atr,8734.528427,8744.54228
5/2/2024,1.07361654,6/9/2024,1.07744101,4072.46999,15.5750393,0.356223089,38,trailing_atr,8744.54228,8760.117319
7/4/2024,1.0819407,7/30/2024,1.08301822,4048.335236,4.362162184,0.09959141,26,trailing_atr,8760.117319,8764.479481
8/7/2024,1.09420683,9/1/2024,1.10440752,4004.946433,40.85321703,0.932245141,25,trailing_atr,8764.479481,8805.332698
9/19/2024,1.118428935,10/2/2024,1.10772586,3936.473934,-42.13237575,-0.956974079,13,trailing_atr,8805.332698,8763.200323
11/6/2024,1.093936695,11/7/2024,1.081928765,4005.35075,-48.09597143,-1.09768052,1,trailing_atr,8763.200323,8715.104351
12/6/2024,1.06351149,12/15/2024,1.050544465,4097.324962,-53.13011522,-1.219265153,9,trailing_atr,8715.104351,8661.974236
1/23/2025,1.04430189,2/2/2025,1.02646651,4147.255846,-73.96788396,-1.707875871,10,trailing_atr,8661.974236,8588.006352
2/18/2025,1.04914431,3/27/2025,1.08155895,4092.862283,132.6686575,3.08962644,37,ma_cross,8588.006352,8720.675009
4/6/2025,1.10061003,4/21/2025,1.156711355,3961.74611,222.2592061,5.097293635,15,take_profit,8720.675009,8942.934215
5/26/2025,1.142420925,7/15/2025,1.168665375,3914.027667,102.7215034,2.29726622,50,ma_cross,8942.934215,9045.655719
7/29/2025,1.160469945,8/1/2025,1.159110155,3897.410596,-5.299659954,-0.117175805,3,ma_cross,9045.655719,9040.356059
8/15/2025,1.172095755,8/28/2025,1.16913514,3856.492108,-11.41758838,-0.252591564,13,ma_cross,9040.356059,9028.938471
9/1/2025,1.17420681,9/3/2025,1.1676159,3844.69686,-25.34005098,-0.561307424,2,ma_cross,9028.938471,9003.59842
9/7/2025,1.172555985,9/21/2025,1.174182615,3839.304278,6.245127518,0.138725146,14,trailing_atr,9003.59842,9009.843547
